2 8500 -1.68122
3 8500 21.9274
4 8500 0
5 8500 5.28364
6 8500 3.11399
7 8500 34.6971
8 8500 1.72351
9 8500 12.1797
2 8600 3.99702
3 8600 17.1423
4 8600 0
5 8600 14.6159
6 8600 6.74873
7 8600 19.671
8 8600 15.4275
9 8600 0
2 8700 0.659243
3 8700 22.4541
4 8700 0
5 8700 10.1488
6 8700 7.24669
7 8700 27.1866
8 8700 23.413
9 8700 -3.26669
2 8800 17.4264
3 8800 26.7167
4 8800 0
5 8800 26.2787
6 8800 10.5418
7 8800 9.34674
8 8800 11.6707
9 8800 16.7375
2 8900 6.63233
3 8900 32.3159
4 8900 0
5 8900 17.0133
6 8900 10.3429
7 8900 12.4921
8 8900 34.4013
9 8900 10.601
2 9000 20.9051
3 9000 37.8925
4 9000 0
5 9000 29.6523
6 9000 24.4064
7 9000 19.2927
8 9000 43.4653
9 9000 26.837
2 9100 12.7612
3 9100 42.4366
4 9100 0
5 9100 30.0681
6 9100 31.5871
7 9100 24.1058
8 9100 47.1179
9 9100 34.7222
2 9200 12.7717
3 9200 46.649
4 9200 0
5 9200 31.1963
6 9200 30.2551
7 9200 27.5701
8 9200 44.2291
9 9200 32.6815
2 9300 17.9275
3 9300 46.932
4 9300 0
5 9300 37.4842
6 9300 34.9625
7 9300 31.1992
8 9300 45.7056
9 9300 36.7769
2 9400 22.1744
3 9400 47.7556
4 9400 0
5 9400 44.8156
6 9400 45.0534
7 9400 32.4828
8 9400 47.4194
9 9400 46.6627
2 9500 24.3878
3 9500 47.9611
4 9500 0
5 9500 45.3161
6 9500 45.0621
7 9500 30.5577
8 9500 47.4809
9 9500 45.7521
2 9600 20.3653
3 9600 47.6958
4 9600 0
5 9600 46.0405
6 9600 46.2131
7 9600 33.307
8 9600 46.5516
9 9600 47.7276
2 9700 32.1712
3 9700 45.9322
4 9700 28.3013
5 9700 43.6513
6 9700 46.5265
7 9700 35.7239
8 9700 47.8932
9 9700 48.9965
2 9800 37.2317
3 9800 45.6179
4 9800 0
5 9800 46.0769
6 9800 46.8451
7 9800 35.6811
8 9800 47.8135
9 9800 48.5611
2 9900 36.6111
3 9900 44.6393
4 9900 0
5 9900 44.3277
6 9900 46.0325
7 9900 35.4355
8 9900 46.3472
9 9900 47.9402
2 10000 43.2503
3 10000 42.746
4 10000 0
5 10000 44.4385
6 10000 46.1367
7 10000 34.7479
8 10000 45.2738
9 10000 46.5612
2 10100 45.7357
3 10100 40.3391
4 10100 0
5 10100 44.1646
6 10100 36.5104
7 10100 33.8676
8 10100 42.2357
9 10100 46.0556
2 9400 53.863
3 9400 80.369
4 9400 0
5 9400 71.4736
6 9400 74.2798
7 9400 54.9451
8 9400 92.7774
9 9400 89.1591
2 9400 53.863
3 9400 80.369
4 9400 0
5 9400 71.4736
6 9400 74.2798
7 9400 54.9451
8 9400 92.7774
9 9400 89.1591
2 9400 53.863
3 9400 80.369
4 9400 0
5 9400 71.4736
6 9400 74.2798
7 9400 54.9451
8 9400 92.7774
9 9400 89.1591
2 9400 30.9971
3 9400 78.7219
4 9400 0
5 9400 73.1476
6 9400 73.1959
7 9400 52.8096
8 9400 94.2877
9 9400 91.2642
2 9400 53.863
3 9400 80.369
4 9400 0
5 9400 71.4736
6 9400 74.2798
7 9400 54.9451
8 9400 92.7774
9 9400 89.1591
2 9400 53.863
3 9400 80.369
4 9400 0
5 9400 71.4736
6 9400 74.2798
7 9400 54.9451
8 9400 92.7774
9 9400 89.1591
2 9400 53.863
3 9400 80.369
4 9400 0
5 9400 71.4736
6 9400 74.2798
7 9400 54.9451
8 9400 92.7774
9 9400 89.1591
2 9400 53.863
3 9400 80.369
4 9400 0
5 9400 71.4736
6 9400 74.2798
7 9400 54.9451
8 9400 92.7774
9 9400 89.1591
2 9400 53.863
3 9400 80.369
4 9400 0
5 9400 71.4736
6 9400 74.2798
7 9400 54.9451
8 9400 92.7774
9 9400 89.1591
2 9400 53.863
3 9400 80.369
4 9400 0
5 9400 71.4736
6 9400 74.2798
7 9400 54.9451
8 9400 92.7774
9 9400 89.1591
2 9400 53.863
3 9400 80.369
4 9400 0
5 9400 71.4736
6 9400 74.2798
7 9400 54.9451
8 9400 92.7774
9 9400 89.1591
2 9400 53.863
3 9400 80.369
4 9400 0
5 9400 71.4736
6 9400 74.2798
7 9400 54.9451
8 9400 92.7774
9 9400 89.1591
2 9400 53.863
3 9400 80.369
4 9400 0
5 9400 71.4736
6 9400 74.2798
7 9400 54.9451
8 9400 92.7774
9 9400 89.1591
2 9400 53.863
3 9400 80.369
4 9400 0
5 9400 71.4736
6 9400 74.2798
7 9400 54.9451
8 9400 92.7774
9 9400 89.1591
2 9400 53.863
3 9400 80.369
4 9400 0
5 9400 71.4736
6 9400 74.2798
7 9400 54.9451
8 9400 92.7774
9 9400 89.1591
2 9400 53.863
3 9400 80.369
4 9400 0
5 9400 71.4736
6 9400 74.2798
7 9400 54.9451
8 9400 92.7774
9 9400 89.1591
2 9400 53.863
3 9400 80.369
4 9400 0
5 9400 71.4736
6 9400 74.2798
7 9400 54.9451
8 9400 92.7774
9 9400 89.1591
2 9400 53.863
3 9400 80.369
4 9400 0
5 9400 71.4736
6 9400 74.2798
7 9400 54.9451
8 9400 92.7774
9 9400 89.1591
2 9400 53.863
3 9400 80.369
4 9400 0
5 9400 71.4736
6 9400 74.2798
7 9400 54.9451
8 9400 92.7774
9 9400 89.1591
2 9400 53.863
3 9400 80.369
4 9400 0
5 9400 71.4736
6 9400 74.2798
7 9400 54.9451
8 9400 92.7774
9 9400 89.1591
2 9400 53.863
3 9400 80.369
4 9400 0
5 9400 71.4736
6 9400 74.2798
7 9400 54.9451
8 9400 92.7774
9 9400 89.1591
2 9400 53.863
3 9400 80.369
4 9400 0
5 9400 71.4736
6 9400 74.2798
7 9400 54.9451
8 9400 92.7774
9 9400 89.1591
2 9400 53.863
3 9400 80.369
4 9400 0
5 9400 71.4736
6 9400 74.2798
7 9400 54.9451
8 9400 92.7774
9 9400 89.1591
2 9400 53.863
3 9400 80.369
4 9400 0
5 9400 71.4736
6 9400 74.2798
7 9400 54.9451
8 9400 92.7774
9 9400 89.1591
2 9400 53.863
3 9400 80.369
4 9400 0
5 9400 71.4736
6 9400 74.2798
7 9400 54.9451
8 9400 92.7774
9 9400 89.1591
2 9400 53.863
3 9400 80.369
4 9400 0
5 9400 71.4736
6 9400 74.2798
7 9400 54.9451
8 9400 92.7774
9 9400 89.1591
2 9400 53.863
3 9400 80.369
4 9400 0
5 9400 71.4736
6 9400 74.2798
7 9400 54.9451
8 9400 92.7774
9 9400 89.1591
2 9400 53.863
3 9400 80.369
4 9400 0
5 9400 71.4736
6 9400 74.2798
7 9400 54.9451
8 9400 92.7774
9 9400 89.1591
2 9400 53.863
3 9400 80.369
4 9400 0
5 9400 71.4736
6 9400 74.2798
7 9400 54.9451
8 9400 92.7774
9 9400 89.1591
2 9400 53.863
3 9400 80.369
4 9400 0
5 9400 71.4736
6 9400 74.2798
7 9400 54.9451
8 9400 92.7774
9 9400 89.1591
2 9400 53.863
3 9400 80.369
4 9400 0
5 9400 71.4736
6 9400 74.2798
7 9400 54.9451
8 9400 92.7774
9 9400 89.1591
2 9400 53.863
3 9400 80.369
4 9400 0
5 9400 71.4736
6 9400 74.2798
7 9400 54.9451
8 9400 92.7774
9 9400 89.1591
2 9400 53.863
3 9400 80.369
4 9400 0
5 9400 71.4736
6 9400 74.2798
7 9400 54.9451
8 9400 92.7774
9 9400 89.1591
2 9400 53.863
3 9400 80.369
4 9400 0
5 9400 71.4736
6 9400 74.2798
7 9400 54.9451
8 9400 92.7774
9 9400 89.1591
2 9400 53.863
3 9400 80.369
4 9400 0
5 9400 71.4736
6 9400 74.2798
7 9400 54.9451
8 9400 92.7774
9 9400 89.1591
2 9400 53.863
3 9400 80.369
4 9400 0
5 9400 71.4736
6 9400 74.2798
7 9400 54.9451
8 9400 92.7774
9 9400 89.1591
2 9400 53.863
3 9400 80.369
4 9400 0
5 9400 71.4736
6 9400 74.2798
7 9400 54.9451
8 9400 92.7774
9 9400 89.1591
2 9400 53.863
3 9400 80.369
4 9400 0
5 9400 71.4736
6 9400 74.2798
7 9400 54.9451
8 9400 92.7774
9 9400 89.1591
2 9400 53.863
3 9400 80.369
4 9400 0
5 9400 71.4736
6 9400 74.2798
7 9400 54.9451
8 9400 92.7774
9 9400 89.1591
2 9400 53.863
3 9400 80.369
4 9400 0
5 9400 71.4736
6 9400 74.2798
7 9400 54.9451
8 9400 92.7774
9 9400 89.1591
2 9400 53.863
3 9400 80.369
4 9400 0
5 9400 71.4736
6 9400 74.2798
7 9400 54.9451
8 9400 92.7774
9 9400 89.1591
2 9400 53.863
3 9400 80.369
4 9400 0
5 9400 71.4736
6 9400 74.2798
7 9400 54.9451
8 9400 92.7774
9 9400 89.1591
2 9400 53.863
3 9400 80.369
4 9400 0
5 9400 71.4736
6 9400 74.2798
7 9400 54.9451
8 9400 92.7774
9 9400 89.1591
2 9400 53.863
3 9400 80.369
4 9400 0
5 9400 71.4736
6 9400 74.2798
7 9400 54.9451
8 9400 92.7774
9 9400 89.1591
2 9400 53.863
3 9400 80.369
4 9400 0
5 9400 71.4736
6 9400 74.2798
7 9400 54.9451
8 9400 92.7774
9 9400 89.1591
2 9400 53.863
3 9400 80.369
4 9400 0
5 9400 71.4736
6 9400 74.2798
7 9400 54.9451
8 9400 92.7774
9 9400 89.1591
2 9400 53.863
3 9400 80.369
4 9400 0
5 9400 71.4736
6 9400 74.2798
7 9400 54.9451
8 9400 92.7774
9 9400 89.1591
2 9400 53.863
3 9400 80.369
4 9400 0
5 9400 71.4736
6 9400 74.2798
7 9400 54.9451
8 9400 92.7774
9 9400 89.1591
2 9400 53.863
3 9400 80.369
4 9400 0
5 9400 71.4736
6 9400 74.2798
7 9400 54.9451
8 9400 92.7774
9 9400 89.1591
2 9400 53.863
3 9400 80.369
4 9400 0
5 9400 71.4736
6 9400 74.2798
7 9400 54.9451
8 9400 92.7774
9 9400 89.1591
2 9400 53.863
3 9400 80.369
4 9400 0
5 9400 71.4736
6 9400 74.2798
7 9400 54.9451
8 9400 92.7774
9 9400 89.1591
2 9400 53.863
3 9400 80.369
4 9400 0
5 9400 71.4736
6 9400 74.2798
7 9400 54.9451
8 9400 92.7774
9 9400 89.1591
2 9400 53.863
3 9400 80.369
4 9400 0
5 9400 71.4736
6 9400 74.2798
7 9400 54.9451
8 9400 92.7774
9 9400 89.1591
2 9400 53.863
3 9400 80.369
4 9400 0
5 9400 71.4736
6 9400 74.2798
7 9400 54.9451
8 9400 92.7774
9 9400 89.1591
2 9400 53.863
3 9400 80.369
4 9400 0
5 9400 71.4736
6 9400 74.2798
7 9400 54.9451
8 9400 92.7774
9 9400 89.1591
2 9400 53.863
3 9400 80.369
4 9400 0
5 9400 71.4736
6 9400 74.2798
7 9400 54.9451
8 9400 92.7774
9 9400 89.1591
2 0 0
3 0 0
4 0 0
5 0 0
6 0 0
7 0 0
8 0 0
9 0 0
2 0 0
3 0 0
4 0 0
5 0 0
6 0 0
7 0 0
8 0 0
9 0 0
2 0 0
3 0 0
4 0 0
5 0 0
6 0 0
7 0 0
8 0 0
9 0 0
2 9900 0
3 9900 0
4 9900 0
5 9900 0
6 9900 0
7 9900 0
8 9900 0
9 9900 0
2 9900 0
3 9900 0
4 9000 0
5 9000 0
6 9000 0
7 10 0
8 9000 0
9 9000 0
2 9900 0
3 9900 0
4 50 0
5 50 0
6 50 0
7 50 0
8 50 0
9 50 0
2 9900 0
3 9900 0
4 50 0
5 50 0
6 50 0
7 50 0
8 50 0
9 50 0
2 9900 0
3 9900 0
4 50 0
5 50 0
6 50 0
7 50 0
8 50 0
9 50 0
2 9900 0
3 9900 0
4 50 0
5 50 0
6 50 0
7 9000 0
8 9000 0
9 9000 0
2 9900 0
3 9900 0
4 50 0
5 50 0
6 50 0
7 9000 0
8 9000 0
9 9000 0
2 9900 0
3 9900 0
4 50 0
5 50 0
6 50 0
7 9000 0
8 9000 0
9 9000 0
2 9900 0
3 9900 0
4 50 0
5 50 0
6 50 0
7 9000 0
8 9000 0
9 9000 0
2 9900 0
3 9900 0
4 50 0
5 50 0
6 50 0
7 9000 0
8 9000 0
9 9000 0
2 9900 0
3 9900 0
4 50 0
5 50 0
6 50 0
7 9000 0
8 9000 0
9 9000 0
2 9800 36.4774
3 9800 95.5494
4 9800 0
5 9800 0
6 9800 40.303
7 9800 56.8639
8 9800 0
9 9800 95.0792
2 9700 36.7965
3 9700 91.6064
4 9700 0
5 9700 0
6 9700 0
7 9700 52.7452
8 9700 0
9 9700 93.8057
2 9800 36.4774
3 9800 95.5494
4 9800 0
5 9800 0
6 9800 40.303
7 9800 56.8639
8 9800 0
9 9800 95.0792
2 9800 36.4774
3 9800 95.5494
4 9800 0
5 9800 0
6 9800 40.303
7 9800 56.8639
8 9800 0
9 9800 95.0792
2 9900 48.1621
3 9900 96.5818
4 9900 0
5 9900 0
6 9900 0
7 9900 74.8012
8 9900 0
9 9900 94.0538
2 9900 48.1621
3 9900 96.5818
4 9900 0
5 9900 0
6 9900 0
7 9900 74.8012
8 9900 0
9 9900 94.0538
2 9700 36.7965
3 9700 91.6064
4 9700 0
5 9700 0
6 9700 0
7 9700 52.7452
8 9700 0
9 9700 93.8057
2 9700 36.7965
3 9700 91.6064
4 9700 0
5 9700 0
6 9700 0
7 9700 52.7452
8 9700 0
9 9700 93.8057
2 9700 36.7965
3 9700 91.6064
4 9700 0
5 9700 0
6 9700 0
7 9700 52.7452
8 9700 0
9 9700 93.8057
2 10000 77.1379
3 10000 95.735
4 10000 0
5 10000 0
6 10000 24.1361
7 10000 75.9156
8 10000 0
9 10000 95.6696
2 10000 77.1379
3 10000 95.735
4 10000 0
5 10000 0
6 10000 24.1361
7 10000 75.9156
8 10000 0
9 10000 95.6696
2 10000 77.1379
3 10000 95.735
4 10000 0
5 10000 0
6 10000 24.1361
7 10000 75.9156
8 10000 0
9 10000 95.6696
2 10000 77.1379
3 10000 95.735
4 10000 0
5 10000 0
6 10000 24.1361
7 10000 75.9156
8 10000 0
9 10000 95.6696
2 10000 77.1379
3 10000 95.735
4 10000 0
5 10000 0
6 10000 24.1361
7 10000 75.9156
8 10000 0
9 10000 95.6696
2 10000 77.1379
3 10000 95.735
4 10000 0
5 10000 0
6 10000 24.1361
7 10000 75.9156
8 10000 0
9 10000 95.6696
2 10000 77.1379
3 10000 95.735
4 10000 0
5 10000 0
6 10000 24.1361
7 10000 75.9156
8 10000 0
9 10000 95.6696
2 10000 77.1379
3 10000 95.735
4 10000 0
5 10000 0
6 10000 24.1361
7 10000 75.9156
8 10000 0
9 10000 95.6696
2 10000 77.1379
3 10000 95.735
4 10000 0
5 10000 0
6 10000 24.1361
7 10000 75.9156
8 10000 0
9 10000 95.6696
2 10000 77.1379
3 10000 95.735
4 10000 0
5 10000 0
6 10000 24.1361
7 10000 75.9156
8 10000 0
9 10000 95.6696
2 10000 77.1379
3 10000 95.735
4 10000 0
5 10000 0
6 10000 24.1361
7 10000 75.9156
8 10000 0
9 10000 95.6696
2 9500 30.4007
3 9500 91.844
4 9500 0
5 9500 0
6 9500 0
7 9500 55.8589
8 9500 0
9 9500 81.1643
2 9500 30.4007
3 9500 91.844
4 9500 0
5 9500 0
6 9500 0
7 9500 55.8589
8 9500 0
9 9500 81.1643
2 9500 30.4007
3 9500 91.844
4 9500 0
5 9500 0
6 9500 0
7 9500 55.8589
8 9500 0
9 9500 81.1643
2 9500 30.4007
3 9500 91.844
4 9500 0
5 9500 0
6 9500 0
7 9500 55.8589
8 9500 0
9 9500 81.1643
2 9500 30.4007
3 9500 91.844
4 9500 0
5 9500 0
6 9500 0
7 9500 55.8589
8 9500 0
9 9500 81.1643
2 9500 30.4007
3 9500 91.844
4 9500 0
5 9500 0
6 9500 0
7 9500 55.8589
8 9500 0
9 9500 81.1643
2 9500 30.4007
3 9500 91.844
4 9500 0
5 9500 0
6 9500 0
7 9500 55.8589
8 9500 0
9 9500 81.1643
2 9500 30.4007
3 9500 91.844
4 9500 0
5 9500 0
6 9500 0
7 9500 55.8589
8 9500 0
9 9500 81.1643
2 9500 30.4007
3 9500 91.844
4 9500 0
5 9500 0
6 9500 0
7 9500 55.8589
8 9500 0
9 9500 81.1643
2 9500 30.4007
3 9500 91.844
4 9500 0
5 9500 0
6 9500 0
7 9500 55.8589
8 9500 0
9 9500 81.1643
2 9500 30.4007
3 9500 91.844
4 9500 0
5 9500 0
6 9500 0
7 9500 55.8589
8 9500 0
9 9500 81.1643
2 9500 30.4007
3 9500 91.844
4 9500 0
5 9500 0
6 9500 0
7 9500 55.8589
8 9500 0
9 9500 81.1643
2 9500 30.4007
3 9500 91.844
4 9500 0
5 9500 0
6 9500 0
7 9500 55.8589
8 9500 0
9 9500 81.1643
2 9500 30.4007
3 9500 91.844
4 9500 0
5 9500 0
6 9500 0
7 9500 55.8589
8 9500 0
9 9500 81.1643
2 9500 30.4007
3 9500 91.844
4 9500 0
5 9500 0
6 9500 0
7 9500 55.8589
8 9500 0
9 9500 81.1643
2 9500 30.4007
3 9500 91.844
4 9500 0
5 9500 0
6 9500 0
7 9500 55.8589
8 9500 0
9 9500 81.1643
2 9500 30.4007
3 9500 91.844
4 9500 0
5 9500 0
6 9500 0
7 9500 55.8589
8 9500 0
9 9500 81.1643
2 9500 30.4007
3 9500 91.844
4 9500 0
5 9500 0
6 9500 0
7 9500 55.8589
8 9500 0
9 9500 81.1643
2 9500 30.4007
3 9500 91.844
4 9500 0
5 9500 0
6 9500 0
7 9500 55.8589
8 9500 0
9 9500 81.1643
2 9500 30.4007
3 9500 91.844
4 9500 0
5 9500 0
6 9500 0
7 9500 55.8589
8 9500 0
9 9500 81.1643
2 9500 30.4007
3 9500 91.844
4 9500 0
5 9500 0
6 9500 0
7 9500 55.8589
8 9500 0
9 9500 81.1643
2 9400 23.0978
3 9400 89.7611
4 9400 0
5 9400 0
6 9400 40.6796
7 9400 62.436
8 9400 0
9 9400 73.3264
2 9400 23.0978
3 9400 89.7611
4 9400 0
5 9400 0
6 9400 40.6796
7 9400 62.436
8 9400 0
9 9400 73.3264
2 9400 23.0978
3 9400 89.7611
4 9400 0
5 9400 0
6 9400 40.6796
7 9400 62.436
8 9400 0
9 9400 73.3264
2 9400 23.0978
3 9400 89.7611
4 9400 0
5 9400 0
6 9400 40.6796
7 9400 62.436
8 9400 0
9 9400 73.3264
2 9400 23.0978
3 9400 89.7611
4 9400 0
5 9400 0
6 9400 40.6796
7 9400 62.436
8 9400 0
9 9400 73.3264
2 9400 23.0978
3 9400 89.7611
4 9400 0
5 9400 0
6 9400 40.6796
7 9400 62.436
8 9400 0
9 9400 73.3264
2 9400 23.0978
3 9400 89.7611
4 9400 0
5 9400 0
6 9400 40.6796
7 9400 62.436
8 9400 0
9 9400 73.3264
2 9400 23.0978
3 9400 89.7611
4 9400 0
5 9400 0
6 9400 40.6796
7 9400 62.436
8 9400 0
9 9400 73.3264
2 9400 23.0978
3 9400 89.7611
4 9400 0
5 9400 0
6 9400 40.6796
7 9400 62.436
8 9400 0
9 9400 73.3264
2 9400 23.0978
3 9400 89.7611
4 9400 0
5 9400 0
6 9400 40.6796
7 9400 62.436
8 9400 0
9 9400 73.3264
2 9400 23.0978
3 9400 89.7611
4 9400 0
5 9400 0
6 9400 40.6796
7 9400 62.436
8 9400 0
9 9400 73.3264
2 9400 23.0978
3 9400 89.7611
4 9400 0
5 9400 0
6 9400 40.6796
7 9400 62.436
8 9400 0
9 9400 73.3264
2 9400 23.0978
3 9400 89.7611
4 9400 0
5 9400 0
6 9400 40.6796
7 9400 62.436
8 9400 0
9 9400 73.3264
2 9400 23.0978
3 9400 89.7611
4 9400 0
5 9400 0
6 9400 40.6796
7 9400 62.436
8 9400 0
9 9400 73.3264
2 9400 23.0978
3 9400 89.7611
4 9400 0
5 9400 0
6 9400 40.6796
7 9400 62.436
8 9400 0
9 9400 73.3264
2 9400 23.0978
3 9400 89.7611
4 9400 0
5 9400 0
6 9400 40.6796
7 9400 62.436
8 9400 0
9 9400 73.3264
2 9400 23.0978
3 9400 89.7611
4 9400 0
5 9400 0
6 9400 40.6796
7 9400 62.436
8 9400 0
9 9400 73.3264
2 9400 23.0978
3 9400 89.7611
4 9400 0
5 9400 0
6 9400 40.6796
7 9400 62.436
8 9400 0
9 9400 73.3264
2 9400 23.0978
3 9400 89.7611
4 9400 0
5 9400 0
6 9400 40.6796
7 9400 62.436
8 9400 0
9 9400 73.3264
2 9400 23.0978
3 9400 89.7611
4 9400 0
5 9400 0
6 9400 40.6796
7 9400 62.436
8 9400 0
9 9400 73.3264
2 9400 23.0978
3 9400 89.7611
4 9400 0
5 9400 0
6 9400 40.6796
7 9400 62.436
8 9400 0
9 9400 73.3264
2 9400 23.0978
3 9400 89.7611
4 9400 0
5 9400 0
6 9400 40.6796
7 9400 62.436
8 9400 0
9 9400 73.3264
2 9400 23.0978
3 9400 89.7611
4 9400 0
5 9400 0
6 9400 40.6796
7 9400 62.436
8 9400 0
9 9400 73.3264
2 9400 23.0978
3 9400 89.7611
4 9400 0
5 9400 0
6 9400 40.6796
7 9400 62.436
8 9400 0
9 9400 73.3264
2 9400 23.0978
3 9400 89.7611
4 9400 0
5 9400 0
6 9400 40.6796
7 9400 62.436
8 9400 0
9 9400 73.3264
2 9400 23.0978
3 9400 89.7611
4 9400 0
5 9400 0
6 9400 40.6796
7 9400 62.436
8 9400 0
9 9400 73.3264
2 9400 23.0978
3 9400 89.7611
4 9400 0
5 9400 0
6 9400 40.6796
7 9400 62.436
8 9400 0
9 9400 73.3264
2 9400 23.0978
3 9400 89.7611
4 9400 0
5 9400 0
6 9400 40.6796
7 9400 62.436
8 9400 0
9 9400 73.3264
2 9400 23.0978
3 9400 89.7611
4 9400 0
5 9400 0
6 9400 40.6796
7 9400 62.436
8 9400 0
9 9400 73.3264
2 9400 23.0978
3 9400 89.7611
4 9400 0
5 9400 0
6 9400 40.6796
7 9400 62.436
8 9400 0
9 9400 73.3264
2 9400 23.0978
3 9400 89.7611
4 9400 0
5 9400 0
6 9400 40.6796
7 9400 62.436
8 9400 0
9 9400 73.3264
2 9400 23.0978
3 9400 89.7611
4 9400 0
5 9400 0
6 9400 40.6796
7 9400 62.436
8 9400 0
9 9400 73.3264
2 9400 23.0978
3 9400 89.7611
4 9400 0
5 9400 0
6 9400 40.6796
7 9400 62.436
8 9400 0
9 9400 73.3264
2 9400 23.0978
3 9400 89.7611
4 9400 0
5 9400 0
6 9400 40.6796
7 9400 62.436
8 9400 0
9 9400 73.3264
2 9400 23.0978
3 9400 89.7611
4 9400 0
5 9400 0
6 9400 40.6796
7 9400 62.436
8 9400 0
9 9400 73.3264
2 9400 23.0978
3 9400 89.7611
4 9400 0
5 9400 0
6 9400 40.6796
7 9400 62.436
8 9400 0
9 9400 73.3264
2 9400 23.0978
3 9400 89.7611
4 9400 0
5 9400 0
6 9400 40.6796
7 9400 62.436
8 9400 0
9 9400 73.3264
2 9400 23.0978
3 9400 89.7611
4 9400 0
5 9400 0
6 9400 40.6796
7 9400 62.436
8 9400 0
9 9400 73.3264
2 9400 23.0978
3 9400 89.7611
4 9400 0
5 9400 0
6 9400 40.6796
7 9400 62.436
8 9400 0
9 9400 73.3264
2 9400 23.0978
3 9400 89.7611
4 9400 0
5 9400 0
6 9400 40.6796
7 9400 62.436
8 9400 0
9 9400 73.3264
2 9400 23.0978
3 9400 89.7611
4 9400 0
5 9400 0
6 9400 40.6796
7 9400 62.436
8 9400 0
9 9400 73.3264
2 9400 23.0978
3 9400 89.7611
4 9400 0
5 9400 0
6 9400 40.6796
7 9400 62.436
8 9400 0
9 9400 73.3264
2 9500 30.4007
3 9500 91.844
4 9500 0
5 9500 0
6 9500 0
7 9500 55.8589
8 9500 0
9 9500 81.1643
2 9500 30.4007
3 9500 91.844
4 9500 0
5 9500 0
6 9500 0
7 9500 55.8589
8 9500 0
9 9500 81.1643
2 9500 30.4007
3 9500 91.844
4 9500 0
5 9500 0
6 9500 0
7 9500 55.8589
8 9500 0
9 9500 81.1643
2 9500 30.4007
3 9500 91.844
4 9500 0
5 9500 0
6 9500 0
7 9500 55.8589
8 9500 0
9 9500 81.1643
2 9500 30.4007
3 9500 91.844
4 9500 0
5 9500 0
6 9500 0
7 9500 55.8589
8 9500 0
9 9500 81.1643
2 9500 30.4007
3 9500 91.844
4 9500 0
5 9500 0
6 9500 0
7 9500 55.8589
8 9500 0
9 9500 81.1643
2 9500 30.4007
3 9500 91.844
4 9500 0
5 9500 0
6 9500 0
7 9500 55.8589
8 9500 0
9 9500 81.1643
2 9500 30.4007
3 9500 91.844
4 9500 0
5 9500 0
6 9500 0
7 9500 55.8589
8 9500 0
9 9500 81.1643
2 9500 30.4007
3 9500 91.844
4 9500 0
5 9500 0
6 9500 0
7 9500 55.8589
8 9500 0
9 9500 81.1643
2 9500 30.4007
3 9500 91.844
4 9500 0
5 9500 0
6 9500 0
7 9500 55.8589
8 9500 0
9 9500 81.1643
2 9500 30.4007
3 9500 91.844
4 9500 0
5 9500 0
6 9500 0
7 9500 55.8589
8 9500 0
9 9500 81.1643
2 9500 30.4007
3 9500 91.844
4 9500 0
5 9500 0
6 9500 0
7 9500 55.8589
8 9500 0
9 9500 81.1643
2 9500 30.4007
3 9500 91.844
4 9500 0
5 9500 0
6 9500 0
7 9500 55.8589
8 9500 0
9 9500 81.1643
2 9500 30.4007
3 9500 91.844
4 9500 0
5 9500 0
6 9500 0
7 9500 55.8589
8 9500 0
9 9500 81.1643
2 9500 30.4007
3 9500 91.844
4 9500 0
5 9500 0
6 9500 0
7 9500 55.8589
8 9500 0
9 9500 81.1643
2 9500 30.4007
3 9500 91.844
4 9500 0
5 9500 0
6 9500 0
7 9500 55.8589
8 9500 0
9 9500 81.1643
2 9500 30.4007
3 9500 91.844
4 9500 0
5 9500 0
6 9500 0
7 9500 55.8589
8 9500 0
9 9500 81.1643
2 9500 30.4007
3 9500 91.844
4 9500 0
5 9500 0
6 9500 0
7 9500 55.8589
8 9500 0
9 9500 81.1643
2 9500 30.4007
3 9500 91.844
4 9500 0
5 9500 0
6 9500 0
7 9500 55.8589
8 9500 0
9 9500 81.1643
2 9500 30.4007
3 9500 91.844
4 9500 0
5 9500 0
6 9500 0
7 9500 55.8589
8 9500 0
9 9500 81.1643
2 9500 30.4007
3 9500 91.844
4 9500 0
5 9500 0
6 9500 0
7 9500 55.8589
8 9500 0
9 9500 81.1643
2 9500 30.4007
3 9500 91.844
4 9500 0
5 9500 0
6 9500 0
7 9500 55.8589
8 9500 0
9 9500 81.1643
2 9500 30.4007
3 9500 91.844
4 9500 0
5 9500 0
6 9500 0
7 9500 55.8589
8 9500 0
9 9500 81.1643
2 9500 30.4007
3 9500 91.844
4 9500 0
5 9500 0
6 9500 0
7 9500 55.8589
8 9500 0
9 9500 81.1643
2 9500 30.4007
3 9500 91.844
4 9500 0
5 9500 0
6 9500 0
7 9500 55.8589
8 9500 0
9 9500 81.1643
2 9500 30.4007
3 9500 91.844
4 9500 0
5 9500 0
6 9500 0
7 9500 55.8589
8 9500 0
9 9500 81.1643
2 9500 30.4007
3 9500 91.844
4 9500 0
5 9500 0
6 9500 0
7 9500 55.8589
8 9500 0
9 9500 81.1643
2 9500 30.4007
3 9500 91.844
4 9500 0
5 9500 0
6 9500 0
7 9500 55.8589
8 9500 0
9 9500 81.1643
2 9500 30.4007
3 9500 91.844
4 9500 0
5 9500 0
6 9500 0
7 9500 55.8589
8 9500 0
9 9500 81.1643
2 9500 30.4007
3 9500 91.844
4 9500 0
5 9500 0
6 9500 0
7 9500 55.8589
8 9500 0
9 9500 81.1643
2 9500 30.4007
3 9500 91.844
4 9500 0
5 9500 0
6 9500 0
7 9500 55.8589
8 9500 0
9 9500 81.1643
2 9500 30.4007
3 9500 91.844
4 9500 0
5 9500 0
6 9500 0
7 9500 55.8589
8 9500 0
9 9500 81.1643
2 9500 30.4007
3 9500 91.844
4 9500 0
5 9500 0
6 9500 0
7 9500 55.8589
8 9500 0
9 9500 81.1643
2 9500 30.4007
3 9500 91.844
4 9500 0
5 9500 0
6 9500 0
7 9500 55.8589
8 9500 0
9 9500 81.1643
2 9500 30.4007
3 9500 91.844
4 9500 0
5 9500 0
6 9500 0
7 9500 55.8589
8 9500 0
9 9500 81.1643
2 9500 30.4007
3 9500 91.844
4 9500 0
5 9500 29.7573
6 9500 15.1592
7 9500 55.8589
8 9500 0
9 9500 81.1643
2 9500 30.4007
3 9500 91.844
4 9500 0
5 9500 29.7573
6 9500 15.1592
7 9500 55.8589
8 9500 0
9 9500 81.1643
2 9500 30.4007
3 9500 91.844
4 9500 0
5 9500 29.7573
6 9500 15.1592
7 9500 55.8589
8 9500 0
9 9500 81.1643
2 9500 30.4007
3 9500 91.844
4 9500 0
5 9500 29.7573
6 9500 15.1592
7 9500 55.8589
8 9500 0
9 9500 81.1643
2 9500 30.4007
3 9500 91.844
4 9500 0
5 9500 29.7573
6 9500 15.1592
7 9500 55.8589
8 9500 0
9 9500 81.1643
2 9500 30.4007
3 9500 91.844
4 9500 0
5 9500 29.7573
6 9500 15.1592
7 9500 55.8589
8 9500 0
9 9500 81.1643
2 9500 30.4007
3 9500 91.844
4 9500 0
5 9500 29.7573
6 9500 15.1592
7 9500 55.8589
8 9500 0
9 9500 81.1643
2 9500 30.4007
3 9500 91.844
4 9500 0
5 9500 29.7573
6 9500 15.1592
7 9500 55.8589
8 9500 0
9 9500 81.1643
2 9500 0
3 9500 0
4 9500 0
5 9500 0
6 9500 0
7 9500 0
8 9500 0
9 9500 0
2 9500 0
3 9500 0
4 9500 0
5 9500 0
6 9500 0
7 9500 0
8 9500 0
9 9500 0
2 9500 0
3 9500 0
4 9500 0
5 9500 0
6 9500 0
7 9500 0
8 9500 0
9 9500 0
2 9500 0
3 9500 0
4 9500 0
5 9500 0
6 9500 0
7 9500 0
8 9500 0
9 9500 0
2 9500 0
3 9500 0
4 9500 0
5 9500 0
6 9500 0
7 9500 0
8 9500 0
9 9500 0
2 9500 30.4007
3 9500 91.844
4 9500 0
5 9500 29.7573
6 9500 15.1592
7 9500 55.8589
8 9500 0
9 9500 81.1643
2 9500 30.4007
3 9500 91.844
4 9500 0
5 9500 29.7573
6 9500 15.1592
7 9500 55.8589
8 9500 0
9 9500 81.1643
2 9500 30.4007
3 9500 91.844
4 9500 0
5 9500 29.7573
6 9500 15.1592
7 9500 55.8589
8 9500 0
9 9500 81.1643
2 9500 30.4007
3 9500 91.844
4 9500 0
5 9500 29.7573
6 9500 15.1592
7 9500 55.8589
8 9500 0
9 9500 81.1643
2 9500 30.4007
3 9500 91.844
4 9500 0
5 9500 29.7573
6 9500 15.1592
7 9500 55.8589
8 9500 0
9 9500 81.1643
2 9500 30.4007
3 9500 91.844
4 9500 0
5 9500 29.7573
6 9500 15.1592
7 9500 55.8589
8 9500 0
9 9500 81.1643
2 9500 30.4007
3 9500 91.844
4 9500 0
5 9500 29.7573
6 9500 15.1592
7 9500 55.8589
8 9500 0
9 9500 81.1643
2 9500 30.4007
3 9500 91.844
4 9500 0
5 9500 29.7573
6 9500 15.1592
7 9500 55.8589
8 9500 0
9 9500 81.1643
2 9500 30.4007
3 9500 91.844
4 9500 0
5 9500 29.7573
6 9500 15.1592
7 9500 55.8589
8 9500 0
9 9500 81.1643
2 9500 30.4007
3 9500 91.844
4 9500 0
5 9500 29.7573
6 9500 15.1592
7 9500 55.8589
8 9500 0
9 9500 81.1643
2 9500 30.4007
3 9500 91.844
4 9500 0
5 9500 29.7573
6 9500 15.1592
7 9500 55.8589
8 9500 0
9 9500 81.1643
2 9500 30.4007
3 9500 91.844
4 9500 0
5 9500 29.7573
6 9500 15.1592
7 9500 55.8589
8 9500 0
9 9500 81.1643
2 9500 30.4007
3 9500 91.844
4 9500 0
5 9500 29.7573
6 9500 15.1592
7 9500 55.8589
8 9500 0
9 9500 81.1643
2 9500 30.4007
3 9500 91.844
4 9500 0
5 9500 29.7573
6 9500 15.1592
7 9500 55.8589
8 9500 0
9 9500 81.1643
2 9500 30.4007
3 9500 91.844
4 9500 0
5 9500 29.7573
6 9500 15.1592
7 9500 55.8589
8 9500 0
9 9500 81.1643
2 9500 30.4007
3 9500 91.844
4 9500 0
5 9500 29.7573
6 9500 15.1592
7 9500 55.8589
8 9500 0
9 9500 81.1643
2 9500 30.4007
3 9500 91.844
4 9500 0
5 9500 29.7573
6 9500 15.1592
7 9500 55.8589
8 9500 0
9 9500 81.1643
2 9500 30.4007
3 9500 91.844
4 9500 0
5 9500 29.7573
6 9500 15.1592
7 9500 55.8589
8 9500 0
9 9500 81.1643
2 9500 30.4007
3 9500 91.844
4 9500 0
5 9500 29.7573
6 9500 15.1592
7 9500 55.8589
8 9500 0
9 9500 81.1643
2 9500 30.4007
3 9500 91.844
4 9500 0
5 9500 29.7573
6 9500 15.1592
7 9500 55.8589
8 9500 0
9 9500 81.1643
2 9500 0
3 9500 0
4 9500 0
5 9500 0
6 9500 0
7 9500 0
8 9500 0
9 9500 0
2 9500 0
3 9500 0
4 9500 0
5 9500 0
6 9500 0
7 9500 0
8 9500 0
9 9500 0
2 9500 0
3 9500 0
4 9500 0
5 9500 0
6 9500 0
7 9500 0
8 9500 0
9 9500 0
2 9500 0
3 9500 0
4 9500 0
5 9500 0
6 9500 0
7 9500 0
8 9500 0
9 9500 0
2 9500 0
3 9500 0
4 9500 0
5 9500 0
6 9500 0
7 9500 0
8 9500 0
9 9500 0
2 9500 0
3 9500 0
4 9500 0
5 9500 0
6 9500 0
7 9500 0
8 9500 0
9 9500 0
2 9500 0
3 9500 0
4 9500 0
5 9500 0
6 9500 0
7 9500 0
8 9500 0
9 9500 0
2 9500 0
3 9500 0
4 9500 0
5 9500 0
6 9500 0
7 9500 0
8 9500 0
9 9500 0
2 9500 0
3 9500 0
4 9500 0
5 9500 0
6 9500 0
7 9500 0
8 9500 0
9 9500 0
2 9500 0
3 9500 0
4 9500 0
5 9500 0
6 9500 0
7 9500 0
8 9500 0
9 9500 0
2 9500 0
3 9500 0
4 9500 0
5 9500 0
6 9500 0
7 9500 0
8 9500 0
9 9500 0
2 9500 0
3 9500 0
4 9500 0
5 9500 0
6 9500 0
7 9500 0
8 9500 0
9 9500 0
2 9500 0
3 9500 0
4 9500 0
5 9500 0
6 9500 0
7 9500 0
8 9500 0
9 9500 0
2 9500 0
3 9500 0
4 9500 0
5 9500 0
6 9500 0
7 9500 0
8 9500 0
9 9500 0
2 9500 0
3 9500 0
4 9500 0
5 9500 0
6 9500 0
7 9500 0
8 9500 0
9 9500 0
2 9500 0
3 9500 0
4 9500 0
5 9500 0
6 9500 0
7 9500 0
8 9500 0
9 9500 0
2 9500 0
3 9500 0
4 9500 0
5 9500 0
6 9500 0
7 9500 0
8 9500 0
9 9500 0
2 9500 0
3 9500 0
4 9500 0
5 9500 0
6 9500 0
7 9500 0
8 9500 0
9 9500 0
2 9500 30.4007
3 9500 91.844
4 9500 0
5 9500 29.7573
6 9500 15.1592
7 9500 55.8589
8 9500 0
9 9500 81.1643
2 9500 30.4007
3 9500 91.844
4 9500 0
5 9500 29.7573
6 9500 15.1592
7 9500 55.8589
8 9500 0
9 9500 81.1643
2 9500 30.4007
3 9500 91.844
4 9500 0
5 9500 29.7573
6 9500 15.1592
7 9500 55.8589
8 9500 0
9 9500 81.1643
2 9500 30.4007
3 9500 91.844
4 9500 0
5 9500 29.7573
6 9500 15.1592
7 9500 55.8589
8 9500 0
9 9500 81.1643
2 9500 30.4007
3 9500 91.844
4 9500 0
5 9500 29.7573
6 9500 15.1592
7 9500 55.8589
8 9500 0
9 9500 81.1643
2 9500 30.4007
3 9500 91.844
4 9500 0
5 9500 29.7573
6 9500 15.1592
7 9500 55.8589
8 9500 0
9 9500 81.1643
2 9500 30.4007
3 9500 91.844
4 9500 0
5 9500 29.7573
6 9500 15.1592
7 9500 55.8589
8 9500 0
9 9500 81.1643
2 9500 30.4007
3 9500 91.844
4 9500 0
5 9500 29.7573
6 9500 15.1592
7 9500 55.8589
8 9500 0
9 9500 81.1643
2 9500 30.4007
3 9500 91.844
4 9500 0
5 9500 29.7573
6 9500 15.1592
7 9500 55.8589
8 9500 0
9 9500 81.1643
2 9500 30.4007
3 9500 91.844
4 9500 0
5 9500 29.7573
6 9500 15.1592
7 9500 55.8589
8 9500 0
9 9500 81.1643
2 9500 30.4007
3 9500 91.844
4 9500 0
5 9500 29.7573
6 9500 15.1592
7 9500 55.8589
8 9500 0
9 9500 81.1643
2 9500 30.4007
3 9500 91.844
4 9500 0
5 9500 29.7573
6 9500 15.1592
7 9500 55.8589
8 9500 0
9 9500 81.1643
2 9500 30.4007
3 9500 91.844
4 9500 0
5 9500 29.7573
6 9500 15.1592
7 9500 55.8589
8 9500 0
9 9500 81.1643
2 9500 30.4007
3 9500 91.844
4 9500 0
5 9500 29.7573
6 9500 15.1592
7 9500 55.8589
8 9500 0
9 9500 81.1643
2 9500 30.4007
3 9500 91.844
4 9500 0
5 9500 29.7573
6 9500 15.1592
7 9500 55.8589
8 9500 0
9 9500 81.1643
2 9500 30.4007
3 9500 91.844
4 9500 0
5 9500 29.7573
6 9500 15.1592
7 9500 55.8589
8 9500 0
9 9500 81.1643
2 9500 30.4007
3 9500 91.844
4 9500 0
5 9500 29.7573
6 9500 15.1592
7 9500 55.8589
8 9500 0
9 9500 81.1643
2 9500 30.4007
3 9500 91.844
4 9500 0
5 9500 29.7573
6 9500 15.1592
7 9500 55.8589
8 9500 0
9 9500 81.1643
2 9500 30.4007
3 9500 91.844
4 9500 0
5 9500 29.7573
6 9500 15.1592
7 9500 55.8589
8 9500 0
9 9500 81.1643
2 9500 30.4007
3 9500 91.844
4 9500 0
5 9500 29.7573
6 9500 15.1592
7 9500 55.8589
8 9500 0
9 9500 81.1643
2 9500 30.4007
3 9500 91.844
4 9500 0
5 9500 29.7573
6 9500 15.1592
7 9500 55.8589
8 9500 0
9 9500 81.1643
2 9500 30.4007
3 9500 91.844
4 9500 0
5 9500 29.7573
6 9500 15.1592
7 9500 55.8589
8 9500 0
9 9500 81.1643
2 9500 30.4007
3 9500 91.844
4 9500 0
5 9500 29.7573
6 9500 15.1592
7 9500 55.8589
8 9500 0
9 9500 81.1643
2 9500 30.4007
3 9500 91.844
4 9500 0
5 9500 29.7573
6 9500 15.1592
7 9500 55.8589
8 9500 0
9 9500 81.1643
2 9500 30.4007
3 9500 91.844
4 9500 0
5 9500 29.7573
6 9500 15.1592
7 9500 55.8589
8 9500 0
9 9500 81.1643
2 9500 30.4007
3 9500 91.844
4 9500 0
5 9500 29.7573
6 9500 15.1592
7 9500 55.8589
8 9500 0
9 9500 81.1643
2 9500 30.4007
3 9500 91.844
4 9500 0
5 9500 29.7573
6 9500 15.1592
7 9500 55.8589
8 9500 0
9 9500 81.1643
2 9500 30.4007
3 9500 91.844
4 9500 0
5 9500 29.7573
6 9500 15.1592
7 9500 55.8589
8 9500 0
9 9500 81.1643
2 9500 30.4007
3 9500 91.844
4 9500 0
5 9500 29.7573
6 9500 15.1592
7 9500 55.8589
8 9500 0
9 9500 81.1643
2 9500 30.4007
3 9500 91.844
4 9500 0
5 9500 29.7573
6 9500 15.1592
7 9500 55.8589
8 9500 0
9 9500 81.1643
2 9500 30.4007
3 9500 91.844
4 9500 0
5 9500 29.7573
6 9500 15.1592
7 9500 55.8589
8 9500 0
9 9500 81.1643
2 9500 30.4007
3 9500 91.844
4 9500 0
5 9500 29.7573
6 9500 15.1592
7 9500 55.8589
8 9500 0
9 9500 81.1643
2 9500 30.4007
3 9500 91.844
4 9500 0
5 9500 29.7573
6 9500 15.1592
7 9500 55.8589
8 9500 0
9 9500 81.1643
2 9500 30.4007
3 9500 91.844
4 9500 0
5 9500 29.7573
6 9500 15.1592
7 9500 55.8589
8 9500 0
9 9500 81.1643
2 9500 30.4007
3 9500 91.844
4 9500 0
5 9500 29.7573
6 9500 15.1592
7 9500 55.8589
8 9500 0
9 9500 81.1643
2 9500 30.4007
3 9500 91.844
4 9500 0
5 9500 29.7573
6 9500 15.1592
7 9500 55.8589
8 9500 0
9 9500 81.1643
2 9500 30.4007
3 9500 91.844
4 9500 0
5 9500 29.7573
6 9500 15.1592
7 9500 55.8589
8 9500 0
9 9500 81.1643
2 9500 30.4007
3 9500 91.844
4 9500 0
5 9500 29.7573
6 9500 15.1592
7 9500 55.8589
8 9500 0
9 9500 81.1643
2 9500 30.4007
3 9500 91.844
4 9500 0
5 9500 29.7573
6 9500 15.1592
7 9500 55.8589
8 9500 0
9 9500 81.1643
2 9500 30.4007
3 9500 91.844
4 9500 0
5 9500 29.7573
6 9500 15.1592
7 9500 55.8589
8 9500 0
9 9500 81.1643
2 9500 30.4007
3 9500 91.844
4 9500 0
5 9500 29.7573
6 9500 15.1592
7 9500 55.8589
8 9500 0
9 9500 81.1643
2 9500 30.4007
3 9500 91.844
4 9500 0
5 9500 29.7573
6 9500 15.1592
7 9500 55.8589
8 9500 0
9 9500 81.1643
2 9500 30.4007
3 9500 91.844
4 9500 0
5 9500 29.7573
6 9500 15.1592
7 9500 55.8589
8 9500 0
9 9500 81.1643
2 9600 45.9266
3 9600 92.3133
4 9600 0
5 9600 48.1389
6 9600 28.4162
7 9600 53.7493
8 9600 0
9 9600 90.9938
2 9700 36.7965
3 9700 91.6064
4 9700 0
5 9700 50
6 9700 49.7916
7 9700 52.7452
8 9700 0
9 9700 93.8057
2 9800 36.4774
3 9800 95.5494
4 9800 0
5 9800 47.0159
6 9800 40.303
7 9800 56.8639
8 9800 0
9 9800 95.0792
2 9700 36.7965
3 9700 91.6064
4 9700 0
5 9700 50
6 9700 49.7916
7 9700 52.7452
8 9700 0
9 9700 93.8057
2 9700 36.7965
3 9700 91.6064
4 9700 0
5 9700 50
6 9700 49.7916
7 9700 52.7452
8 9700 0
9 9700 93.8057
2 9700 36.7965
3 9700 91.6064
4 9700 0
5 9700 50
6 9700 49.7916
7 9700 52.7452
8 9700 0
9 9700 93.8057
2 9700 36.7965
3 9700 91.6064
4 9700 0
5 9700 50
6 9700 49.7916
7 9700 52.7452
8 9700 0
9 9700 93.8057
2 9800 36.4774
3 9800 95.5494
4 9800 0
5 9800 47.0159
6 9800 40.303
7 9800 56.8639
8 9800 0
9 9800 95.0792
2 9800 36.4774
3 9800 95.5494
4 9800 0
5 9800 47.0159
6 9800 40.303
7 9800 56.8639
8 9800 0
9 9800 95.0792
2 9800 36.4774
3 9800 95.5494
4 9800 0
5 9800 47.0159
6 9800 40.303
7 9800 56.8639
8 9800 0
9 9800 95.0792
2 9800 36.4774
3 9800 95.5494
4 9800 0
5 9800 47.0159
6 9800 40.303
7 9800 56.8639
8 9800 0
9 9800 95.0792
2 9800 36.4774
3 9800 95.5494
4 9800 0
5 9800 47.0159
6 9800 40.303
7 9800 56.8639
8 9800 0
9 9800 95.0792
2 9800 36.4774
3 9800 95.5494
4 9800 0
5 9800 47.0159
6 9800 40.303
7 9800 56.8639
8 9800 0
9 9800 95.0792
2 9800 36.4774
3 9800 95.5494
4 9800 0
5 9800 47.0159
6 9800 40.303
7 9800 56.8639
8 9800 0
9 9800 95.0792
2 9800 36.4774
3 9800 95.5494
4 9800 0
5 9800 47.0159
6 9800 40.303
7 9800 56.8639
8 9800 0
9 9800 95.0792
2 9800 36.4774
3 9800 95.5494
4 9800 0
5 9800 47.0159
6 9800 40.303
7 9800 56.8639
8 9800 0
9 9800 95.0792
2 9800 36.4774
3 9800 95.5494
4 9800 0
5 9800 47.0159
6 9800 40.303
7 9800 56.8639
8 9800 0
9 9800 95.0792
2 9800 36.4774
3 9800 95.5494
4 9800 0
5 9800 47.0159
6 9800 40.303
7 9800 56.8639
8 9800 0
9 9800 95.0792
2 9800 36.4774
3 9800 95.5494
4 9800 0
5 9800 47.0159
6 9800 40.303
7 9800 56.8639
8 9800 0
9 9800 95.0792
2 9800 36.4774
3 9800 95.5494
4 9800 0
5 9800 47.0159
6 9800 40.303
7 9800 56.8639
8 9800 0
9 9800 95.0792
2 9800 36.4774
3 9800 95.5494
4 9800 0
5 9800 47.0159
6 9800 40.303
7 9800 56.8639
8 9800 0
9 9800 95.0792
2 9800 36.4774
3 9800 95.5494
4 9800 0
5 9800 47.0159
6 9800 40.303
7 9800 56.8639
8 9800 0
9 9800 95.0792
2 9800 36.4774
3 9800 95.5494
4 9800 0
5 9800 47.0159
6 9800 40.303
7 9800 56.8639
8 9800 0
9 9800 95.0792
2 9800 36.4774
3 9800 95.5494
4 9800 0
5 9800 47.0159
6 9800 40.303
7 9800 56.8639
8 9800 0
9 9800 95.0792
2 9800 36.4774
3 9800 95.5494
4 9800 0
5 9800 47.0159
6 9800 40.303
7 9800 56.8639
8 9800 0
9 9800 95.0792
2 9800 36.4774
3 9800 95.5494
4 9800 0
5 9800 47.0159
6 9800 40.303
7 9800 56.8639
8 9800 0
9 9800 95.0792
2 9800 36.4774
3 9800 95.5494
4 9800 0
5 9800 47.0159
6 9800 40.303
7 9800 56.8639
8 9800 0
9 9800 95.0792
2 9800 36.4774
3 9800 95.5494
4 9800 0
5 9800 47.0159
6 9800 40.303
7 9800 56.8639
8 9800 0
9 9800 95.0792
2 9800 36.4774
3 9800 95.5494
4 9800 0
5 9800 47.0159
6 9800 40.303
7 9800 56.8639
8 9800 0
9 9800 95.0792
2 9800 36.4774
3 9800 95.5494
4 9800 0
5 9800 47.0159
6 9800 40.303
7 9800 56.8639
8 9800 0
9 9800 95.0792
2 9800 36.4774
3 9800 95.5494
4 9800 0
5 9800 47.0159
6 9800 40.303
7 9800 56.8639
8 9800 0
9 9800 95.0792
2 9800 36.4774
3 9800 95.5494
4 9800 0
5 9800 47.0159
6 9800 40.303
7 9800 56.8639
8 9800 0
9 9800 95.0792
2 9800 36.4774
3 9800 95.5494
4 9800 0
5 9800 47.0159
6 9800 40.303
7 9800 56.8639
8 9800 0
9 9800 95.0792
2 9800 36.4774
3 9800 95.5494
4 9800 0
5 9800 47.0159
6 9800 40.303
7 9800 56.8639
8 9800 0
9 9800 95.0792
2 9800 36.4774
3 9800 95.5494
4 9800 0
5 9800 47.0159
6 9800 40.303
7 9800 56.8639
8 9800 0
9 9800 95.0792
2 9800 36.4774
3 9800 95.5494
4 9800 0
5 9800 47.0159
6 9800 40.303
7 9800 56.8639
8 9800 0
9 9800 95.0792
2 9800 36.4774
3 9800 95.5494
4 9800 0
5 9800 47.0159
6 9800 40.303
7 9800 56.8639
8 9800 0
9 9800 95.0792
2 9800 36.4774
3 9800 95.5494
4 9800 0
5 9800 47.0159
6 9800 40.303
7 9800 56.8639
8 9800 0
9 9800 95.0792
2 9800 36.4774
3 9800 95.5494
4 9800 0
5 9800 47.0159
6 9800 40.303
7 9800 56.8639
8 9800 0
9 9800 95.0792
2 9800 36.4774
3 9800 95.5494
4 9800 0
5 9800 47.0159
6 9800 40.303
7 9800 56.8639
8 9800 0
9 9800 95.0792
2 9800 36.4774
3 9800 95.5494
4 9800 0
5 9800 47.0159
6 9800 40.303
7 9800 56.8639
8 9800 0
9 9800 95.0792
2 9800 36.4774
3 9800 95.5494
4 9800 0
5 9800 47.0159
6 9800 40.303
7 9800 56.8639
8 9800 0
9 9800 95.0792
2 9800 36.4774
3 9800 95.5494
4 9800 0
5 9800 47.0159
6 9800 40.303
7 9800 56.8639
8 9800 0
9 9800 95.0792
2 9800 36.4774
3 9800 95.5494
4 9800 0
5 9800 47.0159
6 9800 40.303
7 9800 56.8639
8 9800 0
9 9800 95.0792
2 9800 36.4774
3 9800 95.5494
4 9800 0
5 9800 47.0159
6 9800 40.303
7 9800 56.8639
8 9800 0
9 9800 95.0792
2 9800 36.4774
3 9800 95.5494
4 9800 0
5 9800 47.0159
6 9800 40.303
7 9800 56.8639
8 9800 0
9 9800 95.0792
2 9800 36.4774
3 9800 95.5494
4 9800 0
5 9800 47.0159
6 9800 40.303
7 9800 56.8639
8 9800 0
9 9800 95.0792
2 9800 36.4774
3 9800 95.5494
4 9800 0
5 9800 47.0159
6 9800 40.303
7 9800 56.8639
8 9800 0
9 9800 95.0792
2 9800 36.4774
3 9800 95.5494
4 9800 0
5 9800 47.0159
6 9800 40.303
7 9800 56.8639
8 9800 0
9 9800 95.0792
2 9800 36.4774
3 9800 95.5494
4 9800 0
5 9800 47.0159
6 9800 40.303
7 9800 56.8639
8 9800 0
9 9800 95.0792
2 9800 36.4774
3 9800 95.5494
4 9800 0
5 9800 47.0159
6 9800 40.303
7 9800 56.8639
8 9800 0
9 9800 95.0792
2 9800 36.4774
3 9800 95.5494
4 9800 0
5 9800 47.0159
6 9800 40.303
7 9800 56.8639
8 9800 0
9 9800 95.0792
2 9800 36.4774
3 9800 95.5494
4 9800 0
5 9800 47.0159
6 9800 40.303
7 9800 56.8639
8 9800 0
9 9800 95.0792
2 9800 36.4774
3 9800 95.5494
4 9800 0
5 9800 47.0159
6 9800 40.303
7 9800 56.8639
8 9800 0
9 9800 95.0792
2 9800 36.4774
3 9800 95.5494
4 9800 0
5 9800 47.0159
6 9800 40.303
7 9800 56.8639
8 9800 0
9 9800 95.0792
2 9800 36.4774
3 9800 95.5494
4 9800 0
5 9800 47.0159
6 9800 40.303
7 9800 56.8639
8 9800 0
9 9800 95.0792
2 9800 36.4774
3 9800 95.5494
4 9800 0
5 9800 47.0159
6 9800 40.303
7 9800 56.8639
8 9800 0
9 9800 95.0792
2 9800 36.4774
3 9800 95.5494
4 9800 0
5 9800 47.0159
6 9800 40.303
7 9800 56.8639
8 9800 0
9 9800 95.0792
2 9800 36.4774
3 9800 95.5494
4 9800 0
5 9800 47.0159
6 9800 40.303
7 9800 56.8639
8 9800 0
9 9800 95.0792
2 9800 36.4774
3 9800 95.5494
4 9800 0
5 9800 47.0159
6 9800 40.303
7 9800 56.8639
8 9800 0
9 9800 95.0792
2 9800 36.4774
3 9800 95.5494
4 9800 0
5 9800 47.0159
6 9800 40.303
7 9800 56.8639
8 9800 0
9 9800 95.0792
2 9900 48.1621
3 9900 96.5818
4 9900 0
5 9900 49.0486
6 9900 22.3869
7 9900 74.8012
8 9900 0
9 9900 94.0538
2 9900 48.1621
3 9900 96.5818
4 9900 0
5 9900 49.0486
6 9900 22.3869
7 9900 74.8012
8 9900 0
9 9900 94.0538
2 9800 36.4774
3 9800 95.5494
4 9800 0
5 9800 47.0159
6 9800 40.303
7 9800 56.8639
8 9800 0
9 9800 95.0792
2 9500 30.4007
3 9500 91.844
4 9500 0
5 9500 29.7573
6 9500 15.1592
7 9500 55.8589
8 9500 0
9 9500 81.1643
2 9800 36.4774
3 9800 95.5494
4 9800 0
5 9800 47.0159
6 9800 40.303
7 9800 56.8639
8 9800 0
9 9800 95.0792
2 9800 36.4774
3 9800 95.5494
4 9800 0
5 9800 47.0159
6 9800 40.303
7 9800 56.8639
8 9800 0
9 9800 95.0792
2 9800 36.4774
3 9800 95.5494
4 9800 0
5 9800 47.0159
6 9800 40.303
7 9800 56.8639
8 9800 0
9 9800 95.0792
2 9900 48.1621
3 9900 96.5818
4 9900 0
5 9900 49.0486
6 9900 22.3869
7 9900 74.8012
8 9900 0
9 9900 94.0538
2 10000 77.1379
3 10000 95.735
4 10000 0
5 10000 28.5916
6 10000 24.1361
7 10000 75.9156
8 10000 0
9 10000 95.6696
2 10000 62.2166
3 10000 93.1638
4 10000 42.1385
5 10000 53.2943
6 10000 90.566
7 10000 72.6204
8 10000 0
9 10000 83.662
2 10000 75.4875
3 10000 91.3374
4 10000 49.9758
5 10000 0
6 10000 80.285
7 10000 58.1749
8 10000 99.8185
9 10000 88.0577
2 9800 0
3 9800 44.4444
4 9800 50
5 9800 20
6 9800 21.7391
7 9800 19.0476
8 9800 36
9 9800 30
2 9800 65.6566
3 9800 80.7692
4 9800 0
5 9800 9.22509
6 9800 73.1884
7 9800 51.3636
8 9800 0
9 9800 70.7965
2 9800 0
3 9800 81
4 9800 0
5 9800 10.3241
6 9800 77.6224
7 9800 53.9216
8 9800 0
9 9800 69.3694
2 9800 40.146
3 9800 80.6723
4 9800 0
5 9800 10.9661
6 9800 77.5362
7 9800 51.6854
8 9800 0
9 9800 87.2
2 9800 52.4194
3 9800 82.3009
4 9800 0
5 9800 11.8321
6 9800 72.2222
7 9800 53
8 9800 0
9 9800 70.2479
2 9800 49.7006
3 9800 96.319
4 9800 21.4286
5 9800 26.8228
6 9800 88.4155
7 9800 55.5437
8 9800 0
9 9800 96.9072
2 9800 72.957
3 9800 84.0979
4 9800 99.0903
5 9800 31.0132
6 9800 93.9068
7 9800 57.4385
8 9800 0
9 9800 95.9166
2 9800 46.4775
3 9800 96.506
4 9800 25.1936
5 9800 28.2028
6 9800 77.025
7 9800 67.3729
8 9800 99.9581
9 9800 95.678
2 9800 46.8689
3 9800 73.8854
4 9800 0
5 9800 29.1065
6 9800 93.8761
7 9800 69.4843
8 9800 0
9 9800 95.9648
2 9800 69.6078
3 9800 22.1053
4 9800 58.7156
5 9800 73.3333
6 9800 75.1724
7 9800 76.2376
8 9800 51.1905
9 9800 51.1628
2 9800 89.1753
3 9800 51.5152
4 9800 90.2913
5 9800 79.8742
6 9800 74.8252
7 9800 43.75
8 9800 88.1148
9 9800 87.8788
2 9800 0
3 9800 0
4 9800 0
5 9800 0
6 9800 0
7 9800 0
8 9800 0
9 9800 0
2 9800 0
3 9800 0
4 9800 0
5 9800 0
6 9800 0
7 9800 0
8 9800 0
9 9800 0
2 9800 0
3 9800 0
4 9800 0
5 9800 0
6 9800 0
7 9800 0
8 9800 0
9 9800 0
2 9800 0
3 9800 0
4 9800 0
5 9800 0
6 9800 0
7 9800 0
8 9800 0
9 9800 0
2 9800 0
3 9800 0
4 9800 0
5 9800 0
6 9800 0
7 9800 0
8 9800 0
9 9800 0
2 9800 0
3 9800 0
4 9800 0
5 9800 0
6 9800 0
7 9800 0
8 9800 0
9 9800 0
2 9800 0
3 9800 0
4 9800 0
5 9800 0
6 9800 0
7 9800 0
8 9800 0
9 9800 0
2 9800 0
3 9800 0
4 9800 0
5 9800 0
6 9800 0
7 9800 0
8 9800 0
9 9800 0
2 9800 0
3 9800 0
4 9800 0
5 9800 0
6 9800 0
7 9800 0
8 9800 0
9 9800 0
2 9800 0
3 9800 0
4 9800 0
5 9800 0
6 9800 0
7 9800 0
8 9800 0
9 9800 0
2 9800 0
3 9800 0
4 9800 0
5 9800 0
6 9800 0
7 9800 0
8 9800 0
9 9800 0
2 9800 0
3 9800 0
4 9800 0
5 9800 0
6 9800 0
7 9800 0
8 9800 0
9 9800 0
2 9800 0
3 9800 0
4 9800 0
5 9800 0
6 9800 0
7 9800 0
8 9800 0
9 9800 0
2 9800 0
3 9800 0
4 9800 0
5 9800 0
6 9800 0
7 9800 0
8 9800 0
9 9800 0
2 9800 0
3 9800 0
4 9800 0
5 9800 0
6 9800 0
7 9800 0
8 9800 0
9 9800 0
2 9800 0
3 9800 0
4 9800 0
5 9800 0
6 9800 0
7 9800 0
8 9800 0
9 9800 0
2 9800 0
3 9800 0
4 9800 0
5 9800 0
6 9800 0
7 9800 0
8 9800 0
9 9800 0
2 9800 0
3 9800 0
4 9800 0
5 9800 0
6 9800 0
7 9800 0
8 9800 0
9 9800 0
2 9800 0
3 9800 0
4 9800 0
5 9800 0
6 9800 0
7 9800 0
8 9800 0
9 9800 0
2 9800 0
3 9800 0
4 9800 0
5 9800 0
6 9800 0
7 9800 0
8 9800 0
9 9800 0
2 9800 0
3 9800 0
4 9800 0
5 9800 0
6 9800 0
7 9800 0
8 9800 0
9 9800 0
2 9800 0
3 9800 0
4 9800 0
5 9800 0
6 9800 0
7 9800 0
8 9800 0
9 9800 0
2 9800 0
3 9800 0
4 9800 0
5 9800 0
6 9800 0
7 9800 0
8 9800 0
9 9800 0
2 9800 0
3 9800 0
4 9800 0
5 9800 0
6 9800 0
7 9800 0
8 9800 0
9 9800 0
2 9800 0
3 9800 0
4 9800 0
5 9800 0
6 9800 0
7 9800 0
8 9800 0
9 9800 0
2 9800 0
3 9800 0
4 9800 0
5 9800 0
6 9800 0
7 9800 0
8 9800 0
9 9800 0
2 9800 0
3 9800 0
4 9800 0
5 9800 0
6 9800 0
7 9800 0
8 9800 0
9 9800 0
