2 8500 0
3 8500 4.12999
4 8500 0
5 8500 22.6286
6 8500 0.0792184
7 8500 71.7867
8 8500 0
9 8500 0
2 8600 0
3 8600 50.4543
4 8600 0
5 8600 21.9145
6 8600 2.68949
7 8600 74.564
8 8600 0
9 8600 0
2 8700 0
3 8700 11.6683
4 8700 0
5 8700 21.4678
6 8700 8.28163
7 8700 5.68182
8 8700 0
9 8700 44.3208
2 8800 0
3 8800 19.0717
4 8800 0
5 8800 21.8111
6 8800 13.4228
7 8800 77.3671
8 8800 0
9 8800 47.6374
2 8900 0
3 8900 26.3703
4 8900 0
5 8900 19.1879
6 8900 11.5299
7 8900 15.2758
8 8900 0
9 8900 4.0217
2 9000 0
3 9000 38.2096
4 9000 0
5 9000 20.3847
6 9000 20.5244
7 9000 89.5903
8 9000 0
9 9000 23.936
2 9100 0
3 9100 32.1397
4 9100 0
5 9100 20.0205
6 9100 22.089
7 9100 84.8329
8 9100 0
9 9100 36.0461
2 9200 21.4109
3 9200 46.2281
4 9200 0
5 9200 21.4645
6 9200 33.1714
7 9200 25.9724
8 9200 0
9 9200 47.1717
2 9300 23.7607
3 9300 59.1616
4 9300 0
5 9300 20.9566
6 9300 48.9223
7 9300 30.6598
8 9300 0
9 9300 40.9178
2 9400 21.3773
3 9400 74.3928
4 9400 0
5 9400 21.9376
6 9400 75.4362
7 9400 32.575
8 9400 0
9 9400 54.5426
2 9500 22.3482
3 9500 81.4191
4 9500 0
5 9500 22.486
6 9500 71.2375
7 9500 40.3662
8 9500 0
9 9500 65.2062
2 9600 33.3004
3 9600 87.4363
4 9600 0
5 9600 22.3746
6 9600 78.6684
7 9600 44.1472
8 9600 0
9 9600 76.4687
2 9700 51.7922
3 9700 70.5712
4 9700 0
5 9700 21.8332
6 9700 85.6566
7 9700 50.2302
8 9700 0
9 9700 85.7883
2 9800 62.2769
3 9800 96.3279
4 9800 0
5 9800 22.5676
6 9800 85.5426
7 9800 54.1051
8 9800 0
9 9800 89.9802
2 9900 66.4841
3 9900 98.1296
4 9900 0
5 9900 21.6102
6 9900 89.8481
7 9900 56.3946
8 9900 0
9 9900 0
2 8500 0
3 8500 3.3139
4 8500 0
5 8500 29.5193
6 8500 0
7 8500 0
8 8500 53.3423
9 8500 60.628
2 8600 0
3 8600 9.10992
4 8600 0
5 8600 27.9126
6 8600 5.5126
7 8600 90.1513
8 8600 90.8788
9 8600 0
2 8700 0
3 8700 0
4 8700 0
5 8700 26.9617
6 8700 7.1003
7 8700 2.41692
8 8700 84.9938
9 8700 0
2 8800 30.4271
3 8800 11.6879
4 8800 0
5 8800 28.0267
6 8800 9.60829
7 8800 4.94788
8 8800 86.108
9 8800 0
2 8900 0
3 8900 10.387
4 8900 0
5 8900 27.7812
6 8900 8.71972
7 8900 3.94758
8 8900 52.829
9 8900 14.1301
2 9000 0
3 9000 27.9712
4 9000 0
5 9000 30.0485
6 9000 18.1962
7 9000 10.62
8 9000 43.4794
9 9000 33.3875
2 9100 0
3 9100 18.2203
4 9100 0
5 9100 27.4271
6 9100 30.0119
7 9100 16.8332
8 9100 41.4587
9 9100 50.7419
2 9200 0
3 9200 32.1739
4 9200 0
5 9200 30.2305
6 9200 46.8975
7 9200 26.4817
8 9200 49.8468
9 9200 66.3454
2 9300 13.9974
3 9300 53.1423
4 9300 0
5 9300 28.4695
6 9300 63.733
7 9300 34.1859
8 9300 66.3261
9 9300 76.9831
2 9400 26.9037
3 9400 60.064
4 9400 0
5 9400 28.8208
6 9400 55.2313
7 9400 46.6698
8 9400 47.1087
9 9400 75.4246
2 9500 31.7437
3 9500 63.959
4 9500 0
5 9500 26.9455
6 9500 84.2244
7 9500 44.7932
8 9500 89.3741
9 9500 87.0093
2 9600 40.9658
3 9600 76.3281
4 9600 0
5 9600 0
6 9600 75.9658
7 9600 50.1246
8 9600 89.7189
9 9600 85.148
2 9700 44.8151
3 9700 73.9276
4 9700 0
5 9700 27.7393
6 9700 82.3774
7 9700 54.1072
8 9700 99.9241
9 9700 94.049
2 9800 53.8435
3 9800 81.9884
4 9800 0
5 9800 27.5854
6 9800 87.5691
7 9800 62.5066
8 9800 89.4065
9 9800 96.1016
2 9900 53.4738
3 9900 91.5736
4 9900 0
5 9900 27.9491
6 9900 90.8227
7 9900 65.5104
8 9900 88.6398
9 9900 96.8985
2 10000 66.0843
3 10000 86.2452
4 10000 0
5 10000 0
6 10000 93.8449
7 10000 70.1007
8 10000 0
9 10000 97.1373
2 10100 63.2486
3 10100 82.8044
4 10100 0
5 10100 26.839
6 10100 93.2746
7 10100 56.7901
8 10100 0
9 10100 0
2 9800 41.2836
3 9800 70.1541
4 9800 0
5 9800 25.741
6 9800 85.3608
7 9800 48.2664
8 9800 67.4118
9 9800 95.7984
2 8500 99.7867
3 8500 99.6429
4 8500 0
5 8500 25.4921
6 8500 7.88884
7 8500 4.87365
8 8500 80.7441
9 8500 6.80556
2 8600 0
3 8600 12.0025
4 8600 0
5 8600 18.5491
6 8600 0
7 8600 0
8 8600 90.4668
9 8600 0
2 8700 0
3 8700 19.3266
4 8700 0
5 8700 17.8719
6 8700 16.7366
7 8700 17.205
8 8700 90.8081
9 8700 0
2 8500 35.4391
3 8500 39.0321
4 8500 0
5 8500 19.3936
6 8500 6.31229
7 8500 0
8 8500 92.032
9 8500 0
2 8600 0
3 8600 19.4777
4 8600 0
5 8600 21.6988
6 8600 0
7 8600 0
8 8600 92.2847
9 8600 1.83016
2 8700 0
3 8700 31.4162
4 8700 0
5 8700 18.1735
6 8700 0
7 8700 0
8 8700 92.1505
9 8700 5.58339
2 8800 27.9401
3 8800 82.785
4 8800 0
5 8800 19.6596
6 8800 4.81728
7 8800 3.24473
8 8800 91.8131
9 8800 0
2 8900 0
3 8900 36.0685
4 8900 0
5 8900 17.1696
6 8900 28.274
7 8900 23.1077
8 8900 92.7586
9 8900 2.7717
2 9000 0
3 9000 35.9249
4 9000 0
5 9000 17.9209
6 9000 36.3387
7 9000 23.9851
8 9000 93.127
9 9000 0
2 9100 2.57327
3 9100 45.4955
4 9100 0
5 9100 17.7386
6 9100 42.623
7 9100 26.1544
8 9100 92.496
9 9100 6.78337
2 9200 4.74466
3 9200 56.4243
4 9200 0
5 9200 18.1599
6 9200 49.3777
7 9200 31.0962
8 9200 92.8066
9 9200 10.6447
2 9300 20.1681
3 9300 72.9093
4 9300 0
5 9300 19.4448
6 9300 62.0818
7 9300 40.3537
8 9300 94.7533
9 9300 14.9123
2 9400 28.2916
3 9400 73.6603
4 9400 0
5 9400 19.8007
6 9400 72.4615
7 9400 48.7133
8 9400 94.8231
9 9400 20.8808
2 9500 37.2152
3 9500 83.5056
4 9500 0
5 9500 18.7012
6 9500 80.8702
7 9500 54.7532
8 9500 93.7541
9 9500 33.9204
2 9600 47.6138
3 9600 89.4713
4 9600 0
5 9600 17.3181
6 9600 84.6053
7 9600 58.3061
8 9600 94.3009
9 9600 27.3212
2 9700 42.1112
3 9700 90.1497
4 9700 0
5 9700 17.1548
6 9700 89.1689
7 9700 63.3424
8 9700 94.8805
9 9700 47.5313
2 9800 47.6941
3 9800 93.9684
4 9800 0
5 9800 0
6 9800 91.7382
7 9800 63.2619
8 9800 99.9257
9 9800 46.4853
2 9900 55.5425
3 9900 95.8689
4 9900 0
5 9900 16.9875
6 9900 91.2707
7 9900 62.7384
8 9900 0
9 9900 63.4541
2 10000 65.6356
3 10000 97.2991
4 10000 0
5 10000 17.6843
6 10000 95.1645
7 10000 61.6854
8 10000 0
9 10000 72.8253
2 10100 70.4272
3 10100 97.1365
4 10100 0
5 10100 19.1343
6 10100 96.1896
7 10100 64.4459
8 10100 99.9232
9 10100 71.2371
